SAO Alicization/Sword Art Online Alicization OP.mp3
SAO Alicization/SAO_Alicization_WP.png
4
1
_______
0 0 0 0
0 0 0 0
0 0 0 0
_______
0 0 0 0
0 0 0 0
0 0 0 0
_______
0 0 0 0
0 0 0 0
0 0 0 0
_______
0 0 0 0
0 0 0 0
0 0 0 0
_______
0 0 0 0
0 0 0 0
0 0 0 0
_______
0 0 0 0
0 0 0 0
0 0 0 0
_______
0 0 0 0
0 0 0 0
0 0 0 0
_______
0 0 0 0
0 0 0 0
0 0 0 0
_______
0 0 0 0
0 0 0 0
0 0 0 0
_______
0 0 0 0
0 0 0 0
0 0 0 0
_______
0 0 0 0
0 0 0 0
0 0 0 0
_______
0 0 0 0
0 0 0 0
0 0 0 0
_______
0 0 0 0
0 0 0 0
0 0 0 0
_______
0 0 0 0
0 0 0 0
0 0 0 0
_______
0 0 0 0
0 0 0 0
1 0 3 0
_______
0 0 0 0
0 0 0 0
0 2 0 0
_______
0 0 0 0
0 0 0 4
0 0 0 0
_______
0 0 0 0
0 2 0 0
0 0 0 0
_______
0 0 0 0
0 0 3 0
0 0 0 0
_______
0 0 0 0
1 0 0 0
0 0 0 0
_______
0 0 0 0
0 0 0 0
0 0 0 0
_______
0 0 0 0
0 0 0 0
0 2 0 0
_______
0 0 0 4
0 0 0 0
0 0 0 0
_______
0 0 0 0
0 0 0 0
1 0 0 0
_______
0 0 0 0
0 0 0 0
0 0 3 0
_______
0 0 0 0
0 2 0 0
0 0 0 0
_______
0 0 0 0
0 0 0 4
0 0 0 0
_______
0 0 0 0
1 0 0 0
0 0 0 0
_______
0 0 0 0
1 2 0 0
0 0 0 0
_______
0 0 0 0
0 0 3 4
0 0 0 0
_______
0 0 0 0
1 0 0 0
0 0 0 0
_______
0 2 0 0
0 0 0 0
0 0 3 4
_______
0 0 0 0
0 0 0 0
0 0 0 0
_______
1 0 0 0
0 0 0 0
0 0 3 0
_______
0 0 0 0
0 0 0 0
0 0 0 0
_______
0 0 0 0
0 0 0 0
0 2 0 0
_______
0 0 0 0
0 0 0 0
1 0 0 0
_______
0 0 0 0
0 0 0 0
0 2 0 4
_______
0 0 0 0
0 2 0 0
0 0 0 0
_______
0 0 0 0
0 0 3 0
0 0 0 0
_______
0 0 0 0
0 0 0 4
0 0 0 0
_______
0 2 0 0
0 0 0 0
0 0 0 0
_______
1 0 0 0
0 0 0 0
0 2 0 0
_______
0 0 0 0
0 0 3 0
0 0 0 0
_______
0 0 0 4
0 0 0 0
1 0 0 0
_______
0 0 0 0
0 2 0 0
0 0 0 0
_______
0 0 3 0
0 0 0 0
0 0 0 4
_______
0 0 0 0
1 2 0 0
0 0 0 0
_______
0 0 3 4
0 0 0 0
1 0 0 0
_______
0 0 0 0
0 0 0 0
0 0 0 0
_______
0 0 0 4
0 0 0 0
0 0 0 0
_______
0 0 0 4
0 0 0 0
0 0 0 0
_______
1 0 3 0
0 0 0 0
0 0 0 0
_______
0 2 0 4
0 0 0 0
0 0 0 0
_______
1 0 3 0
0 0 0 0
0 0 0 0
_______
0 2 0 4
0 0 0 0
0 0 0 0
_______
1 0 3 0
0 0 0 0
0 0 0 0
_______
0 2 0 0
0 0 0 0
0 0 0 0
_______
0 0 3 0
0 0 0 0
0 0 0 0
_______
1 0 0 0
0 0 0 0
0 0 0 0
_______
0 0 0 4
0 0 0 0
0 0 0 0
_______
0 2 3 0
0 0 0 0
0 0 0 0
_______
1 0 0 4
0 0 0 0
0 0 0 0
_______
1 0 0 0
0 2 0 0
0 0 0 0
_______
0 0 0 4
0 0 0 0
0 0 0 0
_______
0 0 3 0
0 0 0 0
0 0 0 0
_______
1 0 0 0
0 0 0 0
0 0 0 0
_______
1 0 0 0
0 0 0 0
0 0 0 0
_______
0 2 0 0
0 0 0 0
0 0 0 0
_______
0 2 0 0
0 0 0 0
0 0 0 0
_______
0 0 0 0
0 0 3 0
0 0 0 0
_______
0 0 0 0
0 0 3 0
0 0 0 0
_______
0 0 0 0
0 0 0 4
0 0 0 0
_______
0 0 0 0
0 0 0 4
0 0 0 0
_______
0 0 0 0
0 0 0 0
0 0 0 0
_______
1 2 0 0
0 0 0 0
1 2 0 0
_______
0 0 0 0
0 0 0 0
0 0 0 0
_______
0 0 3 4
0 0 0 0
0 0 3 4
_______
0 0 0 0
0 0 0 0
1 0 0 0
_______
0 0 0 0
0 2 0 0
0 0 0 0
_______
0 0 0 0
0 0 3 0
0 0 0 0
_______
0 0 0 4
0 0 0 0
0 0 0 0
_______
1 0 0 0
0 0 0 0
0 0 0 0
_______
0 0 0 4
0 0 0 0
0 0 0 0
_______
1 0 0 0
0 0 0 0
0 0 3 0
_______
0 0 0 0
0 2 0 0
0 0 0 0
_______
0 0 0 4
0 0 0 0
0 2 0 0
_______
0 0 0 0
0 0 3 0
0 0 0 0
_______
1 0 0 0
0 0 0 0
0 0 3 0
_______
0 0 0 0
0 2 0 0
0 0 0 0
_______
1 0 3 0
0 0 0 0
0 0 0 4
_______
0 0 0 0
0 0 3 0
0 0 0 0
_______
1 0 0 0
0 0 0 0
0 0 0 4
_______
0 0 0 0
0 2 0 0
0 0 0 0
_______
0 0 3 0
0 0 0 0
1 0 0 0
_______
0 0 0 0
0 2 0 0
0 0 0 0
_______
0 0 0 4
0 0 0 0
0 2 0 0
_______
0 0 0 0
0 0 3 0
0 0 0 0
_______
0 0 0 0
0 0 0 4
0 0 0 0
_______
0 2 0 0
0 0 0 0
0 0 3 0
_______
0 0 0 0
1 0 0 0
0 0 0 0
_______
0 0 0 4
0 0 0 0
0 2 0 0
_______
0 0 0 0
0 0 3 0
0 0 0 0
_______
1 0 0 0
0 0 0 0
0 0 0 4
_______
0 2 0 0
0 0 0 0
0 0 3 0
_______
0 0 0 0
0 0 0 4
0 0 0 0
_______
1 0 0 0
0 0 0 0
0 2 0 0
_______
0 0 0 0
0 0 3 0
0 0 0 0
_______
0 2 0 0
0 0 0 0
0 0 0 0
_______
0 0 3 0
0 0 0 0
0 0 0 0
_______
0 0 0 4
0 0 0 0
0 0 0 0
_______
0 0 3 0
0 0 0 0
0 0 0 0
_______
0 2 0 0
0 0 0 0
0 0 0 0
_______
1 0 0 0
0 0 0 0
0 0 0 0
_______
0 2 0 0
0 0 0 0
0 0 0 0
_______
0 0 3 0
0 0 0 0
0 0 0 0
_______
0 0 0 4
0 0 0 0
0 0 0 0
_______
0 2 0 4
0 0 0 0
0 0 0 0
_______
0 0 3 0
0 0 0 0
0 0 0 0
_______
1 0 0 4
0 0 0 0
0 0 0 0
_______
0 2 0 0
0 0 0 0
0 0 0 0
_______
1 0 3 0
0 0 0 0
0 0 0 0
_______
0 2 3 0
0 0 0 0
0 0 0 0
_______
0 2 0 4
0 0 0 0
0 0 0 0
_______
0 0 3 0
0 0 0 0
0 0 0 0
_______
1 0 0 0
0 0 0 0
0 0 0 0
_______
0 2 0 0
0 0 0 0
0 0 0 0
_______
0 0 0 4
0 0 0 0
0 0 0 0
_______
0 0 3 0
0 0 0 0
0 0 0 0
_______
0 2 0 0
0 0 0 0
0 0 0 0
_______
0 0 0 4
0 0 0 0
0 0 0 0
_______
1 0 0 0
0 0 0 0
0 0 0 0
_______
0 2 0 0
0 0 0 0
0 0 0 0
_______
0 0 0 4
0 0 0 0
0 0 0 0
_______
0 2 0 0
0 0 0 0
0 0 0 0
_______
1 0 3 0
0 0 0 0
0 0 0 0
_______
0 2 0 0
0 0 0 0
0 0 0 0
_______
0 0 3 0
0 0 0 0
0 0 0 0
_______
0 2 0 4
0 0 0 0
0 0 0 0
_______
1 0 0 0
0 0 0 0
0 0 0 0
_______
1 0 0 0
0 0 0 0
0 0 0 0
_______
0 2 0 0
0 0 0 0
0 0 0 0
_______
0 2 0 0
0 0 0 0
0 0 0 0
_______
0 0 0 4
0 0 0 0
0 0 0 0
_______
1 0 0 0
0 0 0 0
0 0 0 0
_______
0 2 0 0
0 0 0 0
0 0 0 0
_______
0 0 0 4
0 0 0 0
0 0 0 0
_______
0 0 3 0
0 0 0 0
0 0 0 0
_______
1 0 0 0
0 0 0 0
0 0 0 0
_______
0 0 3 0
0 0 0 0
0 0 0 0
_______
1 0 0 0
0 0 0 0
0 0 0 0
_______
0 2 0 0
0 0 0 0
0 0 0 0
_______
0 0 3 0
0 0 0 0
0 0 0 0
_______
0 0 0 4
0 0 0 0
0 0 0 0
_______
0 2 0 0
0 0 0 0
0 0 0 0
_______
1 0 0 0
0 0 0 0
0 0 0 0
_______
0 0 3 0
0 0 0 0
0 0 0 0
_______
0 2 0 0
0 0 0 0
0 0 0 0
_______
0 0 0 4
0 0 0 0
0 0 0 0
_______
0 2 0 0
0 0 0 0
0 0 0 0
_______
1 0 3 0
0 0 0 0
0 0 0 0
_______
0 2 3 0
0 0 0 0
0 0 0 0
_______
0 2 0 4
0 0 0 0
0 0 0 0
_______
1 0 3 0
0 0 0 0
0 0 0 0
_______
0 2 0 0
0 0 0 0
0 0 0 0
_______
0 0 3 0
0 0 0 0
0 0 0 0
_______
0 0 0 4
0 0 0 0
0 0 0 0
_______
1 0 0 0
0 0 0 0
0 0 0 0
_______
0 2 3 0
0 0 0 0
0 0 0 0
_______
0 0 3 4
0 0 0 0
0 0 0 0
_______
1 2 0 0
0 0 0 0
0 0 0 0
_______
1 0 3 0
0 0 0 0
0 0 0 0
_______
0 2 0 4
0 0 0 0
0 0 0 0
_______
1 0 3 0
0 0 0 0
0 0 0 0
_______
0 2 0 4
0 0 0 0
0 0 0 0
_______
0 0 0 0
1 2 3 4
0 0 0 0
_______
0 0 0 0
1 2 3 4
0 0 0 0
_______
0 0 0 0
0 0 0 0
0 0 0 0
_______
1 0 0 0
0 0 0 0
0 0 3 0
_______
0 0 0 0
0 0 0 4
1 0 0 0
_______
0 0 0 0
0 2 0 0
0 0 0 0
_______
0 0 0 4
0 0 0 0
0 0 0 0
_______
0 0 0 0
0 0 0 0
0 0 0 0

end
6 lines = 2 seconds
Line 1(0) - Song File
Line 2(1) - Image name
Line 3(2) - note speed
Line 4(3) - Song Number
The notes might be delayed based on how fast your computer is